0
1
2
3
4
5
6
7
8
9
10
11
12
13
14
15
16
17
18
19
20
21
22
23
24
25
26
27
28
29
30
31
32
33
34
35
36
37
38
39
40
41
42
43
44
45
46
47
48
49
50
51
52
53
54
55
56
57
58
59
60
61
62
63
64
65
66
67
68
69
70
71
72
73
74
75
76
77
78
79
80
81
82
83
84
85
86
87
88
89
90
91
92
93
94
95
96
97
98
99
100
101
102
103
104
105
106
107
108
109
110
111
112
113
114
115
116
117
118
119
120
121
122
123
124
125
126
127
128
129
130
131
132
133
134
135
136
137
138
139
140
141
142
143
144
145
146
147
148
149
150
151
152
153
154
155
156
157
158
159
160
161
162
163
164
165
166
167
168
169
170
171
172
173
174
175
176
177
178
179
180
181
182
183
184
185
186
187
188
189
190
191
192
193
194
195
196
197
198
199
200
201
202
203
204
205
206
207
208
209
210
211
212
213
214
215
216
217
218
219
220
221
222
223
224
225
226
227
228
229
230
231
232
233
234
235
236
237
238
239
240
241
242
243
244
245
246
247
248
249
250
251
252
253
254
255
256
257
258
259
260
261
262
263
264
265
266
267
268
269
270
271
272
273
274
275
276
277
278
279
280
281
282
283
284
285
286
287
288
289
290
291
292
293
294
295
296
297
298
299
300
301
302
303
304
305
306
307
308
309
310
311
312
313
314
315
316
317
318
319
320
321
322
323
324
325
326
327
328
329
330
332
333
334
335
336
337
338
339
340
341
342
343
344
345
346
347
348
349
350
351
352
353
354
355
356
357
358
359
360
361
362
363
364
365
366
367
368
369
370
371
372
373
374
375
376
377
378
379
380
381
382
383
384
385
386
387
388
389
390
391
392
393
394
395
396
397
398
399
400
401
402
403
404
405
406
407
408
409
410
411
412
413
414
415
416
417
418
419
420
421
422
423
424
425
426
427
428
429
430
431
432
433
434
435
436
437
438
439
440
441
442
443
444
445
446
447
448
449
450
451
452
453
454
455
456
457
458
459
460
461
462
463
464
465
466
467
468
469
470
471
472
473
474
475
476
477
478
479
480
481
482
483
484
485
486
487
488
489
490
491
492
493
494
495
496
497
498
499
500
501
502
503
504
505
506
507
508
509
510
511
512
513
514
515
516
517
518
519
520
521
522
523
524
525
526
527
528
529
530
531
532
533
534
535
536
537
538
539
540
541
542
543
544
545
546
547
548
549
550
551
552
553
554
555
556
557
558
559
560
561
562
563
564
565
566
567
568
569
570
571
572
573
574
575
576
577
578
579
580
581
582
583
584
585
586
587
588
589
590
591
592
593
594
595
596
597
598
599
600
601
602
603
604
605
606
607
608
609
610
611
612
613
614
615
616
617
618
619
620
621
622
623
624
625
626
627
628
629
630
631
632
633
634
635
636
637
638
639
640
641
642
643
644
645
646
647
648
649
650
651
652
653
654
655
656
657
658
659
660
661
662
663
664
665
666
667
668
669
670
671
672
673
674
675
676
677
678
679
680
681
682
683
684
685
686
687
688
689
690
691
692
693
694
695
696
697
698
699
700
701
702
703
704
705
706
707
708
709
710
711
712
713
714
715
716
717
718
719
720
721
722
723
724
725
726
727
728
729
730
731
732
733
734
735
736
737
738
739
740
741
742
743
744
745
746
747
748
749
750
751
752
753
754
755
756
757
758
759
760
761
762
763
764
765
766
767
768
769
770
771
772
773
774
775
776
777
778
779
780
95000000
95000001
95000002
95000003
95000004
95000005
95000006
95000007
95000008
95000009
95000010
95000011
95000012
95000013
95000014
95000015
95000016
95000017
95000018
95000019
95000020
95000021
95000022
95000023
95000024
95000025
95000026
95000027
95000028
95000029
95000030
95000031
95000032
95000033
95000034
95000035
95000036
95000037
95000038
95000039
95000040
95000041
95000042
95000043
95000044
95000045
95000046
95000047
95000048
95000049
95000050
95000051
95000052
95000053
95000054
95000055
95000056
95000057
95000058
95000059
95000060
95000061
95000062
95000063
95000064
95000065
95000066
95000067
95000068
95000069
95000070
95000071
95000072
95000073
95000074
95000075
95000076
95000077
95000078
95000079
95000080
95000081
95000082
95000083
95000084
95000085
95000086
95000087
95000088
95000089
95000090
95000091
95000092
95000093
95000094
95000095
95000096
95000097
95000098
95000099
95000100
95000101
95000102
95000103
95000104
95000105
95000106
95000107
95000108
95000109
95000110
95000111
95000112
95000113
95000114
95000115
95000116
95000117
95000118
95000119
95000120
95000121
95000122
95000123
95000124
95000125
95000126
95000127
95000128
95000129
95000130
95000131
95000132
95000133
95000134
95000135
95000136
95000137
95000138
95000139
95000140
95000141
95000142
95000143
95000144
95000145
95000146
95000147
95000148
95000149
95000150
95000151
95000152
95000153
95000154
95000155
95000156
95000157
95000158
95000159
95000160
95000161
95000162
95000163
95000164
95000165
95000166
95000167
95000168
95000169
95000170
95000171
95000172
95000173
95000174
95000175
95000176
95000177
95000178
95000179
95000180
95000181
95000182
95000183
95000184
95000185
95000186
95000187
95000188
95000189
95000190
95000191
95000192
95000193
95000194
95000195
95000196
95000197
95000198
95000199
95000200
95000201
95000202
95000203
95000204
95000205
95000206
95000207
95000208
95000209
95000210
95000211
95000212
95000213
95000214
95000215
95000216
95000217
95000218
95000219
95000220
95000221
95000222
95000223
95000224
95000225
95000226
95000227
95000228
95000229
95000230
95000231
95000232
95000233
95000234
95000235
95000236
95000237
95000238
95000239
95000240
95000241
95000242
95000243
95000244
95000245
95000246
95000247
95000248
95000249
95000250
95000251
95000252
95000253
95000254
95000255
95000256
95000257
95000258
95000259
95000260
95000261
95000262
95000263
95000264
95000265
95000266
95000267
95000268
95000269
95000270
95000271
95000272
95000273
95000274
95000275
95000276
95000277
95000278
95000279
95000280
95000281
95000282
95000283
95000284
95000285
95000286
95000287
95000288
95000289
95000290
95000291
95000292
95000293
95000294
95000295
95000296
95000297
95000298
95000299
95000300
95000301
95000302
95000303
95000304
95000305
95000306
95000307
95000308
95000309
95000310
95000311
95000312
95000313
95000314
95000315
95000316
95000317
95000318
95000319
95000320
95000321
95000322
95000323
95000324
95000325
95000326
95000327
95000328
95000329
95000330
95000331
95000332
95000333
95000334
95000335
95000336
95000337
95000338
95000339
95000340
95000341
95000342
95000343
95000344
95000345
95000346
95000347
95000348
95000349
95000350
95000351
95000352
95000353
95000354
95000355
95000356
95000357
95000358
95000359
95000360
95000361
95000362
95000363
95000364
95000365
95000366
95000367
95000368
95000369
95000370
95000371
95000372
95000373
95000374
95000375
95000376
95000377
95000378
95000379
95000380
95000381
95000382
95000383
95000384
95000385
95000386
95000387
95000388
95000389
95000390
95000391
95000392
95000393
95000394
95000395
95000396
95000397
95000398
95000399
95000400
95000401
95000402
95000403
95000404
95000405
95000406
95000407
95000408
95000409
95000410
95000411
95000412
95000413
95000414
95000415
95000416
95000417
95000418
95000419
95000420
95000421
95000422
95000423
95000424
95000425
95000426
95000427
95000428
95000429
95000430
95000431
95000432
95000433
95000434
95000435
95000436
95000437
95000438
95000439
95000440
95000441
95000442
95000443
95000444
95000445
95000446
95000447
95000448
95000449
95000450
95000451
95000452
95000453
95000454
95000455
95000456
95000457
95000458
95000459
95000460
95000461
95000462
95000463
95000464
95000465
95000466
95000467
95000468
95000469
95000470
95000471
95000472
95000473
95000474
95000475
95000476
95000477
95000478
95000479
95000480
95000481
95000482
95000483
95000484
95000485
95000486
95000487
95000488
95000489
95000490
95000491
95000492
95000493
95000494
95000495
95000496
95000497
95000498
95000499
95000500
95000501
95000502
95000503
95000504
95000505
95000506
95000507
95000508
95000509
95000510
95000511
95000512
95000513
95000514
95000515
95000516
95000517
95000518
95000519
95000520
95000521
95000522
95000523
95000524
95000525
95000526
95000527
95000528
95000529
95000530
95000531
95000532
95000533
95000534
95000535
95000536
95000537
95000538
95000539
95000540
95000541
95000542
95000543
95000544
95000545
95000546
95000547
95000548
95000549
95000550
95000551
95000552
95000553
95000554
95000555
95000556
95000557
95000558
95000559
95000560
95000561
95000562
95000563
95000564
95000565
95000566
95000567
95000568
95000569
95000570
95000571
95000572
95000573
95000574
95000575
95000576
95000577
95000578
95000579
95000580
95000581
95000582
95000583
95000584
95000585
95000586
95000587
95000588
95000589
95000590
95000591
95000592
95000593
95000594
95000595
95000596
95000597
95000598
95000599
95000600
95000601
95000602
95000603
95000604
95000605
95000606
95000607
95000608
95000609
95000610
95000611
95000612
95000613
95000614
95000615
95000616
95000617
95000618
95000619
95000620
95000621
95000622
95000623
95000624
95000625
95000626
95000627
95000628
95000629
95000630
95000631
95000632
95000633
95000634
95000635
95000636
95000637
95000638
95000639
95000640
95000641
95000642
95000643
95000644
95000645
95000646
95000647
95000648
95000649
95000650
95000651
95000652
95000653
95000654
95000655
95000656
95000657
95000658
95000659
95000660
95000661
95000662
95000663
95000664
95000665
95000666
95000667
95000668
95000669
95000670
95000671
95000672
95000673
95000674
95000675
95000676
95000677
95000678
95000679
95000680
95000681
95000682
95000683
95000684
95000685
95000686
95000687
95000688
95000689
95000690
95000691
95000692
95000694
95000697
95000698
95000699
95000700
95000701
95000702
95000703
95000705
95000707
95000708
95000714
95000715
95000716
95000717
95000719
95000723
95000724
95000725
95000726
95000727
95000728
95000730
95000731
95000732
95000734
95000735
95000736
95000737
95000739
95000740
95000742
95000743
95000744
95000745
95000747
95000748
95000750
95000751
95000752
95000753
95000754
95000755
95000756
95000757
95000758
95000759
95000760
95000761
95000762
95000763
95000765
95000766
95000767
95000768
95000769
95000771
95000772
95000774
95000776
95000777
95000778
95000779
95000781
95000784
95000785
95000787
95000788
95000789
95000790
95000791
95000792
95000793
95000794
95000795
95000797
95000798
95000799
95000800
95000801
95000802
95000803
95000805
95000806
95000807
95000810
95000811
95000812
95000813
95000814
95000816
95000817
95000819
95000821
95000822
95000823
95000824
95000825
95000826
95000827
95000829
95000831
95000832
95000834
95000836
95000837
95000838
95000839
95000842
95000843
95000844
95000845
95000846
95000848
95000849
95000850
95000851
95000852
95000853
95000854
95000855
95000856
95000857
95000858
95000859
95000860
95000861
95000862
95000863
95000864
95000865
95000866
95000868
95000869
95000870
95000871
95000872
95000873
95000876
95000878
95000879
95000880
95000881
95000882
95000883
95000884
95000886
95000887
95000888
95000889
95000890
95000891
95000892
95000893
95000894
95000895
95000897
95000899
95000900
95000901
95000902
95000904
95000905
95000908
95000909
95000910
95000911
95000912
95000913
95000914
95000915
95000916
95000917
95000918
95000919
95000920
95000924
95000925
95000927
95000928
95000929
95000930
95000931
95000932
95000933
95000935
95000938
95000941
95000942
95000944
95000945
95000950
95000951
95000953
95000954
95000955
95000956
95000957
95000958
95000959
95000960
95000961
95000962
95000963
95000964
95000965
95000966
95000967
95000968
95000969
95000970
95000971
95000972
95000973
95000974
95000975
95000976
95000977
95000979
95000980
95000981
95000982
95000983
95000984
95000985
95000986
95000987
95000988
95000989
95000990
95000991
95000992
95000993
95000997
95000998
95000999
189000000
189000001
189000002
189000003
189000004
189000005
189000006
189000007
189000008
189000009
189000010
189000011
189000012
189000013
189000014
189000015
189000016
189000017
189000018
189000019
189000020
189000021
189000022
189000023
189000024
189000025
189000026
189000027
189000028
189000029
189000030
189000031
189000032
189000033
189000034
189000035
189000036
189000037
189000038
189000039
189000040
189000041
189000042
189000043
189000044
189000045
189000046
189000047
189000048
189000049
189000050
189000051
189000052
189000053
189000054
189000055
189000056
189000057
189000058
189000059
189000060
189000061
189000062
189000063
189000064
189000065
189000066
189000067
189000068
189000069
189000070
189000071
189000072
189000073
189000074
189000075
189000076
189000077
189000078
189000079
189000080
189000081
189000082
189000083
189000084
189000085
189000086
189000087
189000088
189000089
189000090
189000091
189000092
189000093
189000094
189000095
189000096
189000097
189000098
189000099
189000100
189000101
189000102
189000103
189000104
189000105
189000106
189000107
189000108
189000109
189000110
189000111
189000112
189000113
189000114
189000115
189000116
189000117
189000118
189000119
189000120
189000121
189000122
189000123
189000124
189000125
189000126
189000127
189000128
189000129
189000130
189000131
189000132
189000133
189000134
189000135
189000136
189000137
189000138
189000139
189000140
189000141
189000142
189000143
189000144
189000145
189000146
189000147
189000148
189000149
189000150
189000151
189000152
189000153
189000154
189000155
189000156
189000157
189000158
189000159
189000160
189000161
189000162
189000163
189000164
189000165
189000166
189000167
189000168
189000169
189000170
189000171
189000172
189000173
189000174
189000175
189000176
189000177
189000178
189000179
189000180
189000181
189000182
189000183
189000184
189000185
189000186
189000187
189000188
189000189
189000190
189000191
189000192
189000193
189000194
189000195
189000196
189000197
189000198
189000199
189000200
189000201
189000202
189000203
189000204
189000205
189000206
189000207
189000208
189000209
189000210
189000211
189000212
189000213
189000214
189000215
189000216
189000217
189000218
189000219
189000220
189000221
189000222
189000223
189000224
189000225
189000226
189000227
189000228
189000229
189000230
189000231
189000232
189000233
189000234
189000235
189000236
189000237
189000238
189000239
189000240
189000241
189000242
189000243
189000244
189000245
189000246
189000247
189000248
189000249
189000250
189000251
189000252
189000253
189000254
189000255
189000256
189000257
189000258
189000259
189000260
189000261
189000262
189000263
189000264
189000265
189000266
189000267
189000268
189000269
189000270
189000271
189000272
189000273
189000274
189000275
189000276
189000277
189000278
189000279
189000280
189000281
189000282
189000283
189000284
189000285
189000286
189000287
189000288
189000289
189000290
189000291
189000292
189000293
189000294
189000295
189000296
189000297
189000298
189000299
189000300
189000301
189000302
189000303
189000304
189000305
189000306
189000307
189000308
189000309
189000310
189000311
189000312
189000313
189000314
189000315
189000316
189000317
189000318
189000319
189000320
189000321
189000322
189000323
189000324
189000325
189000326
189000327
189000328
189000329
189000330
189000331
189000332
189000333
189000334
189000335
189000336
189000337
189000338
189000339
189000340
189000341
189000342
189000343
189000344
189000345
189000346
189000347
189000348
189000349
189000350
189000351
189000352
189000353
189000354
189000355
189000356
189000357
189000358
189000359
189000360
189000361
189000362
189000363
189000364
189000365
189000366
189000367
189000368
189000369
189000370
189000371
189000372
189000373
189000374
189000375
189000376
189000377
189000378
189000379
189000380
189000381
189000382
189000383
189000384
189000385
189000386
189000387
189000388
189000389
189000390
189000391
189000392
189000393
189000394
189000395
189000396
189000397
189000398
189000399
189000400
189000401
189000402
189000403
189000404
189000405
189000406
189000407
189000408
189000409
189000410
189000411
189000412
189000413
189000414
189000415
189000416
189000417
189000418
189000419
189000420
189000421
189000422
189000423
189000424
189000425
189000426
189000427
189000428
189000429
189000430
189000431
189000432
189000433
189000434
189000435
189000436
189000437
189000438
189000439
189000440
189000441
189000442
189000443
189000444
189000445
189000446
189000447
189000448
189000449
189000450
189000451
189000452
189000453
189000454
189000455
189000456
189000457
189000458
189000459
189000460
189000461
189000462
189000463
189000464
189000465
189000466
189000467
189000468
189000469
189000470
189000471
189000472
189000473
189000474
189000475
189000476
189000477
189000478
189000479
189000480
189000481
189000482
189000483
189000484
189000485
189000486
189000487
189000488
189000489
189000490
189000491
189000492
189000493
189000494
189000495
189000496
189000497
189000498
189000499
189000500
189000501
189000502
189000503
189000504
189000505
189000506
189000507
189000508
189000509
189000510
189000511
189000512
189000513
189000514
189000515
189000516
189000517
189000518
189000519
189000520
189000521
189000522
189000523
189000524
189000525
189000526
189000527
189000528
189000529
189000530
189000531
189000532
189000533
189000534
189000535
189000536
189000537
189000538
189000539
189000540
189000541
189000542
189000543
189000544
189000545
189000546
189000547
189000548
189000549
189000550
189000551
189000552
189000553
189000554
189000555
189000556
189000557
189000558
189000559
189000560
189000561
189000562
189000563
189000564
189000565
189000566
189000567
189000568
189000569
189000570
189000571
189000572
189000573
189000574
189000575
189000576
189000577
189000578
189000579
189000580
189000581
189000582
189000583
189000584
189000585
189000586
189000587
189000588
189000589
189000590
189000591
189000592
189000593
189000594
189000595
189000596
189000597
189000598
189000599
189000600
189000601
189000602
189000603
189000604
189000605
189000606
189000607
189000608
189000609
189000610
189000611
189000612
189000613
189000614
189000615
189000616
189000617
189000618
189000619
189000620
189000621
189000622
189000623
189000624
189000625
189000626
189000627
189000628
189000629
189000630
189000631
189000632
189000633
189000634
189000635
189000636
189000637
189000638
189000639
189000640
189000641
189000642
189000643
189000644
189000645
189000646
189000647
189000648
189000649
189000650
189000651
189000652
189000653
189000654
189000655
189000656
189000657
189000658
189000659
189000660
189000661
189000662
189000663
189000664
189000665
189000666
189000667
189000668
189000669
189000670
189000671
189000672
189000673
189000674
189000675
189000676
189000677
189000678
189000679
189000680
189000681
189000682
189000683
189000684
189000685
189000686
189000687
189000688
189000689
189000690
189000691
189000692
189000693
189000694
189000695
189000696
189000697
189000698
189000699
189000700
189000701
189000702
189000703
189000704
189000705
189000706
189000707
189000708
189000709
189000710
189000711
189000712
189000713
189000714
189000715
189000716
189000717
189000718
189000719
189000720
189000721
189000722
189000723
189000724
189000725
189000726
189000727
189000728
189000729
189000730
189000731
189000732
189000733
189000734
189000735
189000736
189000737
189000738
189000739
189000740
189000741
189000742
189000743
189000744
189000745
189000746
189000747
189000748
189000749
189000750
189000751
189000752
189000753
189000754
189000755
189000756
189000757
189000758
189000759
189000760
189000761
189000762
189000763
189000764
189000765
189000766
189000767
189000768
189000769
189000770
189000771
189000772
189000773
189000774
189000775
189000776
189000777
189000778
189000779
189000780
189000781
189000782
189000783
189000784
189000785
189000786
189000787
189000788
189000789
189000790
189000791
189000792
189000793
189000794
189000795
189000796
189000797
189000798
189000799
189000800
189000801
189000802
189000803
189000804
189000805
189000806
189000807
189000808
189000809
189000810
189000811
189000812
189000813
189000814
189000815
189000816
189000817
189000818
189000819
189000820
189000821
189000822
189000823
189000824
189000825
189000826
189000827
189000828
189000829
189000830
189000831
189000832
189000833
189000834
189000835
189000836
189000837
189000838
189000839
189000840
189000841
189000842
189000843
189000844
189000845
189000846
189000847
189000848
189000849
189000850
189000851
189000852
189000853
189000854
189000855
189000856
189000857
189000858
189000859
189000860
189000861
189000862
189000863
189000864
189000865
189000866
189000867
189000868
189000869
189000870
189000871
189000872
189000873
189000874
189000875
189000876
189000877
189000878
189000879
189000880
189000881
189000882
189000883
189000884
189000885
189000886
189000887
189000888
189000889
189000890
189000891
189000892
189000893
189000894
189000895
189000896
189000897
189000898
189000899
189000900
189000901
189000902
189000903
189000904
189000905
189000906
189000907
189000908
189000909
189000910
189000911
189000912
189000913
189000914
189000915
189000916
189000917
189000918
189000919
189000920
189000921
189000922
189000923
189000924
189000925
189000926
189000927
189000928
189000929
189000930
189000931
189000932
189000933
189000934
189000935
189000936
189000937
189000938
189000939
189000940
189000941
189000942
189000943
189000944
189000945
189000946
189000947
189000948
189000949
189000950
189000951
189000952
189000953
189000954
189000955
189000956
189000957
189000958
189000959
189000960
189000961
189000962
189000963
189000964
189000965
189000966
189000967
189000968
189000969
189000970
189000971
189000972
189000973
189000974
189000975
189000976
189000977
189000978
189000979
189000980
189000981
189000982
189000983
189000984
189000985
189000986
189000987
189000988
189000989
189000990
189000991
189000992
189000993
189000994
189000995
189000996
189000997
189000998
189000999
